280420935134
190274974471
371979066378
282291062657
273017746485
598829286067
871914555520
845266806566
177680110019
745316697037
305215770984
15050952976
845098074708
173680804842
193958239918
528091634881
4703591747
491561328967
288395001882
855590792677
653851411217
859323937262
867493386190
946529348146
65690920542
20324183424
488539074064
496636171512
921113507464
222354315818
586556054936
743996232396
560793540475
206534622774
613987498896
297426294578
176423222697
987381077044
593379764466
947048871610
15298807731
145371201466
402925648574
249168390773
595706376825
402281628939
727164840131
617436379973
596037760524
53134939399
985888522989
232652588040
211464238880
944075176865
756687091001
392572907321
88502297889
738801343048
646783638445
38177540704
537378349740
819335221882
886102170104
817205199914
153048632717
961946089905
335255611304
257687425956
313269805721
212647313147
975734681288
510151044881
848205272650
267240390153
770663659596
616383205983
418776611541
942722179720
478424043232
479833851722
750568736727
924875525011
913806919844
282144778021
291802566190
784455339555
225463836563
518783959485
51029500049
113872894224
943155428760
541799815051
327373033268
183876939730
386264292824
18313552844
295696974013
274087260855
331423832310
313053548691
