124828271142
249959269383
490997552694
469699530730
102010633628
878557985852
696655741001
449461431729
702277168721
973603331176
530729380364
687356623084
747918948562
678758588755
864818166301
113338584084
519059296946
553623054937
396475086361
393414694718
294374611313
950438746985
61781688774
199954685798
214066694071
955748982674
309264537337
397615948611
891158587980
147673037102
623747511823
823414743883
16167338740
266030231448
111762357993
172215378111
350037360026
554893038443
941141520088
561154702889
941184501664
706910351914
924193416891
915573158872
388710225815
518300116377
846005117613
528916020513
544319844463
853678756113
540847707978
460052848832
947221349748
531076691182
526581620158
889513171540
951586241844
53408056044
183198187803
735931620545
916032431733
734972124471
926711354097
857948931201
223743003319
844228482602
709940313685
731375540840
211530830346
513369812413
436649486466
919468884225
926623322362
203123507319
132658272118
512159442797
919635995749
556991617443
219803451232
557357302023
84453257649
215660411968
732498762235
826775986073
839356980289
419759667487
71728934168
966598713289
918965346356
335142187955
806079642086
477492919492
337934946483
333364245589
491410409500
873885459857
506320779957
328465487271
959055817768
480573260383
