682153152107
530109755984
328040364318
257599929838
358035091061
254456159529
301394595966
862625594883
353638305919
601326858373
487099001303
99070159228
545527733650
933534786911
758023933400
331697960947
871136924444
70006366967
899126610082
65212908006
837692379042
842858268178
25963566687
488532249835
570127490966
247913240536
776567931797
971614275308
60536695247
649986377116
184380539050
383502796893
972215273764
592213557479
646727300596
783495367100
823101204714
392963777324
131892182057
277378904097
998989237957
480449458943
463346120254
248025848093
330706954738
202972762107
444455731849
10657969477
833727754797
725910221123
948626300328
166195784212
850880738550
650077338703
837721125442
10263392482
200844332397
254449302833
604058138522
158338623936
715019360469
639720009564
125331288481
684321851311
649949642508
174103892325
906944777559
349211544903
879228085492
628474340371
681831108928
87022610238
999185570423
910034508379
571987641063
48667353294
160614228952
147075662598
378889455006
306266816698
725542920775
765292527743
117206381426
878202253722
745889701925
294634933398
920033150967
258472421052
499085945414
320960112430
377834984147
410036412243
413778120062
73640082585
241786567295
903555518414
723737026949
876982808225
383244609384
417564756552
