264500190792
918614806494
294115464608
999382757099
35176184900
216011578882
555731931452
637816622895
940457205283
591424162958
331876957801
457807604926
105735313642
483260475188
294729754790
592699638371
386233646735
331512278196
556434636869
196029932379
657695261149
609679101570
759613345565
175780205675
90809508044
966185043569
828141623282
504677163632
965671144015
550361101032
935907109233
620509104687
728495147321
53150028496
567482234573
381033759237
831994988271
539079548221
505935264844
442629778968
22927175223
997897907988
820259506244
323693566120
382988730848
884925687822
217499482748
337377741754
999771977742
52114852666
249544543891
672319751500
991196044434
794284357445
434948294929
652155084375
598142118544
990940669772
938370807813
754783553597
167427823325
538367556539
906922394948
415635884875
46018839586
884436214706
931671413563
656729051644
566825252493
868814737510
610142478342
598788023275
71538667650
76636167643
934320825659
618973417136
443834802406
594822926843
599786003326
153442441880
732590555781
621347815620
284707305241
630056560572
24565411073
499686488003
521178462901
23128194681
232864394548
130350818033
452392114762
825700201761
112278777125
477198116445
90394165811
849801909371
917474955619
249263859075
691469742880
27289329817
