65138129964
231713825659
427072816268
225289125256
181503833377
162404225653
989145390274
404982666491
997333620395
463601997762
861383333402
195809671315
571755820515
8353342390
80000311275
680470363406
44012806505
18456143622
890252940055
92138359169
510763027838
872855754518
288980065907
237494276393
427113931624
911652867250
520697467672
21771015020
636179118480
342485201559
389005694826
456480784179
66607023377
502123069173
92477467736
882291399897
356753526705
549102160861
8254591044
847578711330
282721029986
116951687970
841449155780
652978062134
84099159610
491997908006
5881531472
341778906896
587341821697
638002338400
563227620765
426316922165
168621114421
788048084744
181519901424
310937973722
393126024459
164001705035
34962483590
697736195256
217829381976
427973298334
530862647933
914710987385
371397976755
320282275155
372371799107
418722327544
269965791467
907054913309
490867071905
967911698066
738370945165
913445367170
841512912714
783015545559
571762238837
472549217084
67017385678
388161964893
343094688062
783500209507
925832889756
206111340441
899238120561
975494336304
980542842701
308887395493
890131185484
409057004977
416669677326
285010256734
747434735388
506423164837
562531097322
20401238048
224755519576
525614793864
410354111360
755288551970
