728029906748
170449659916
482836547533
820331453940
122143205016
746066305211
988645597027
247333723433
510839692412
323695062229
306828503525
761598631343
573727680940
44020720654
996411616241
176896884638
699989208783
428305382084
439408391596
239797995955
497901872288
423629605045
780499520651
262092306012
133598265273
71027472024
467886991939
619317025136
71975644115
911442855221
51804172171
535797764921
132304700876
3019354174
436266073891
837109293242
272808413013
520096879634
796059767826
95960040577
534984111399
755391709865
717963780935
454802100054
768588783052
938840516921
671835833769
803998996626
495583789445
718220292950
29826113079
514655478773
427821525326
349527037554
357507982767
790889339734
578763934645
91177919660
471455925695
762805972458
489849628328
659605072610
965832464431
804647096503
287819041934
753174686821
79410560020
219007485834
929518054106
619931705400
718736950426
568841289861
220095622063
259697958103
265442368422
841258069095
567350737771
333234254110
925935304166
222562752041
516472780345
202353826873
724306674127
637756792172
943393700584
485125758123
45123378150
123380134826
95808397043
588474934231
89354415932
759174126078
185973463885
940211780729
897230884362
699492280709
239392902519
891302935393
339960582283
580966298191
