231236096958
505206650283
362371659838
951678714165
861404326621
486213287622
380600149938
579922735697
530559932267
82215832882
179314335609
385387955913
950140246357
822447294480
804566398910
824179298452
584479462288
702304446224
676016487312
577096209945
85925451618
471741369870
904983894540
151127211229
263237565916
813046100212
247449467252
572486247527
920115556915
210834724415
464929806569
859172022931
795047207929
414177060063
208630122470
11229060937
236275219935
65869745915
747711224363
377979367427
565240814012
427089038013
206239131994
133284237945
455767299528
945563904025
356073800227
36963753894
11336317921
830309153236
25125911418
171160586056
316420872957
67222317501
327896295575
499798592117
621280324336
816990590570
724478097746
360235302070
7004683340
920495843415
998979307816
630561764091
289758713009
800852006594
170863217565
887723377720
373119978311
983431050302
912260583228
923217430053
612435808645
213743892318
487083135902
607150916217
339160892590
227045768374
60102068112
896917037077
900646002222
405496751042
899296171898
229447032202
811524976422
308743357246
598910908253
606693167120
519612186551
580150039763
401876566309
893357378980
903236102280
944525887109
381440301145
794632423418
883687268786
443177146259
396628093453
212171927429
