716376276065
905002103127
424813675664
442804184511
568392988225
428960672254
832060924512
135815267767
154076408555
298737213465
491089833433
64926889406
228789801851
439317493926
332205423138
329203924533
845574719547
912543868547
453383768634
235564771997
242041262261
58765307623
602056643274
324486350236
928677764942
876481918823
141079355640
198629209418
83354292423
281390491388
480070845920
285440288175
420854754243
568130036609
983307507694
816774991174
205724825092
828723416098
395781682875
622881324421
470398059718
185389897572
498796441401
119002688324
828031708792
414328383840
174789827833
528336892687
956963469781
311455920252
386069519674
816260832147
241145548426
424101857421
446775259748
812844542555
118470483542
380645808592
700946703961
424715233025
517811101562
293422963851
469049014758
545457832872
770091055270
676897518311
713072355683
948911212357
933825549248
759339134886
396214560505
939028862919
260002725989
323527369653
541859726811
568340614643
598987893751
304855727411
269334900350
529535329428
418356498925
37010417038
517162835314
434454191638
196339186175
388392629729
496343991512
565812271586
522210233604
914117733943
96803701647
773062422094
946350859187
855875233403
939463964137
287763866798
133748305971
51162926839
485793696634
150905908734
