182367474637
946911373307
547821010403
258162107052
216693714853
947522651894
147506577617
305758209273
60562421809
661747547107
752507012595
775980707136
184341700670
844260318641
9043930564
940629575388
137335032154
28011333205
211427686150
520525222855
891837972261
333605870369
639198652395
352496959866
564426790988
856725451618
212833644295
627890994130
639574813577
955579478714
913747751697
766921193746
671540808741
913188116444
502581144173
271396250604
924752953817
83925697887
254239078691
940645961350
12392109124
812327640371
551448658502
177401121562
390374284923
385142219837
639069828048
903719912000
50982524937
891808407688
593391371094
584084924890
621838363706
119305267942
719186669533
662260090363
247823843877
60142188479
34483447798
379678272602
483127889346
451530685832
163737074866
142529151673
248159349034
698648174499
651036259568
60698578748
737301317917
638682171188
79669210274
298472484037
622611782930
545900590093
457202199522
111305730493
739417293288
408182868486
768353838420
168668941148
874956278915
274809624164
231527592713
565521727703
779317197114
215971526115
517627848883
566992895525
88088085028
397405936398
421734289946
966826685374
700301958117
566853650824
531932482501
45827042738
363172701172
969182979623
921395485842
581160555557
