666765839980
926809163964
162061029882
815468507518
455805395927
977197575477
731938416645
337559465686
336083604836
97730155518
610982885163
296011384933
251549160640
778817101183
551767213670
609050044956
498101728913
167437576975
220584360162
273102354009
597351393065
85787427263
751212416590
919781366017
145488411316
764921912119
348794023838
661912066771
437340808984
611259380982
206505283348
115666560424
974784070783
227117644546
480057936451
672398197384
588766294563
421102671935
230061775907
474441843481
804452377470
531905705514
9146776644
30874289721
198493816890
278359081024
618965509184
708079321576
95439332893
540106595290
312954252946
607638194038
386272715982
326395082121
624421190315
722689553370
621761195991
838882369206
245123352957
736514484961
992780445253
142295204508
696982372750
592230102114
887570212531
385527837028
434611482057
444271036086
79862452267
831523455010
425326393703
276118536156
520591590198
985964248548
704514780070
442446560254
814229794861
563293395527
245884641364
918880235330
91663677170
907578664131
420089168114
384856974897
344124095810
626292412765
581463803533
416157862049
672635688480
256130009335
255268967453
718304594141
50542519727
558415662157
455200410028
439872512640
821792108950
686259209782
264456799348
444174063237
