743072514805
900136982348
248301798927
549330922433
323912003133
904589733782
115921763625
382080401527
758612211351
594085133132
799515364064
351542253856
985857361284
410031334302
927235737271
533724977367
316627750588
405458029715
977426782890
41663996392
488242777612
113898817256
988393705862
374474469333
742125940123
722236735458
632127892210
73773620664
458769024854
371478211520
591681780999
662725864869
27504945460
428559535300
65628302930
236440406955
450434589467
847581234469
275679280418
83337495515
667905498058
772743806294
198588633267
934840407397
274454746710
947493561468
195618334446
566126878703
574012061897
876276289442
423713968630
742804769744
71271091911
807906984025
573091440723
48232033625
101741437775
20157833710
63995726210
510761512077
415536464238
281578255820
100116625980
359002653831
228376220894
121702692674
166911875189
435618325460
674210466212
562247198365
236151741986
550342152357
255258845608
894327193172
731322947793
248725655180
990628275449
567401022504
963904523986
506276488124
819312145119
570280485558
830535714426
973942101233
215407089210
360953193012
232036439291
360861145193
610610601214
51467224472
306621188508
814966587246
556974653426
491908053313
286144185086
702292073964
691655080948
344390186815
697149689609
274767324303
