147623441939
379278746078
803386046463
728460146707
152221697689
35730769569
883306107758
334785744706
111250364991
482064652315
271465564785
390884855079
857321996696
340550482533
386927908508
587934391389
387213023763
296966783535
507048688898
167709036985
561668171385
201361893377
709844361260
858601173800
859603294901
621479730536
507535492223
498579923423
652911328442
875135090075
26061487290
91815937676
884607967791
12166963493
93158031601
295458377789
163849575349
863051909331
934500208464
766915801096
785764903953
506976993296
603782476868
928584865442
467735211348
416953050255
559640328517
160230128981
378891026878
580199379662
233852569998
840005129691
395691763960
203932385075
689840691512
3183278098
764386674758
365141187056
41678272092
59438848202
362293534463
609404513824
539478169007
306794962583
237256443659
673975317907
691304103291
174860770201
89820228343
347990011514
9249805029
732112755931
929622046545
738355587358
839617898287
669157882873
960210528042
205984526437
943773155471
588686578741
429893295064
108832552984
624852033939
594361158724
420814062398
147624137806
197817702301
663899042621
995105619220
425894420323
443123009868
938298198660
376081570523
194109729778
61117167358
894453792673
37594072274
496702367838
496336402233
666537324176
