685856418413
86716957708
964037766161
148134267889
842273370487
682816581090
523238599684
460115667770
653090330304
453780564027
214540206712
143787363387
986719279444
629594758787
146576890874
154058049011
289777094903
499882552045
972689062906
960179198918
392935650549
36212625155
274292193260
826811810799
898431808246
965825143928
726273401112
119323601563
949206507461
550920275740
873058429895
263735176570
516608451668
919818497199
995663181700
490363509158
394516769806
629461712845
268064610472
499902162602
748942896924
828240983145
591620769502
825172946185
932419662614
147850716820
254862096398
86252898392
66147813528
411201725393
239559163641
67652341164
9786910740
748519462910
139524576747
186181763606
126363167751
574322222890
570494761401
258231101172
846410433221
639996470969
74233960083
925997932059
929472450566
198646350922
586951315453
842813983765
417439290478
902708047021
980218636095
502778621302
943242414155
472203910485
125686238500
970114399063
387567547560
790314664722
701227494486
129616737396
334284043218
92623543058
508507470052
445200780674
91144447275
831386581559
974587336763
937560965716
570336677555
953215768674
417240415799
462453426971
332469985220
259854422435
67441457281
374516731080
336933161447
519800398006
704088042783
14163398135
