639429263475
12857765895
454165773570
368892956893
713410314707
565802504813
91452315886
236189509814
720315797838
491291329816
387389542575
670260632559
50059779108
910775723794
733303999856
487780894412
846502367228
398567560780
736182533843
776667273349
878433558088
177413775150
947704734504
911805196370
705876120838
50656399670
147021943837
514366932445
639365466255
646533997891
339154553695
62630216478
861165701004
657083492089
23857535907
742829944269
871257531763
332528183859
865892959290
457892109130
946893198104
838543555371
260856238424
453513686845
469334192624
646114648120
156680860884
984482749382
236318354935
557908652490
10069350644
611591747508
103456274398
579883207304
605620865059
811951221390
633028482955
952809248920
995536944879
418090992742
175806014550
703222999828
102023831560
544976337580
831541068435
177381033822
291332616265
433161849391
11106700208
822636914231
933469735557
399538432677
412595077684
646826692286
346521861489
264109047400
363488353585
940605758487
274083235715
545228121331
432686710665
170937560617
50040558995
414993370505
149835795955
448900885846
347678470934
837186240865
455528439594
195686069979
673339811915
385579812792
282517149639
485460285199
305926020230
912631887869
60075522125
563386890111
889740254007
507563361468
