73468648898
631854236109
588821401547
42567512684
683971452109
631354346322
691288828203
74630144062
506885299948
927816936559
889911180691
119994687497
546225714163
120947986604
592221121729
705542016361
329868925998
233182074988
740728481859
937806596139
39849929894
704761144940
683371221904
909098080446
742235970122
456214225193
489170402064
981319133328
125942977077
732950402711
880476166718
3151856275
387286271584
958876590403
581221837651
456221269947
284930474125
632302625589
493314641069
721360096871
879859059406
622734604127
646954140072
290558430758
232454177879
97473190818
387327722793
821011987314
183188115692
280174587824
528308746315
774446563616
368219360193
875265642304
778539359796
24270484226
22842555403
618151858978
164909487945
295649115767
482128299047
505818563781
909636976487
376062742494
998736793864
340317366220
696105832287
641795329806
282113281864
503223639755
419648605324
700371547947
91852688876
298927769130
792959185408
187905609404
218360405002
710649308379
496237341205
91265795575
580314477139
612504335125
865513807330
629359757167
125977785266
614590057151
686225410122
344112641429
597852835822
775442651384
772316779158
941867063009
682971865367
400664564332
918915588197
965621939012
954281604191
767339761641
781023214174
120367525216
