439547240030
975718312520
335938095593
572125038407
879539698024
783492534682
375930556020
584037545757
55114296170
61114982918
680448359387
759034505723
762539907537
941411933720
281772001959
458145773422
794853939427
864575919866
532473534874
798125009815
365788046289
674544300696
857829821118
25457577998
10695430497
897322313984
238809690183
850195933372
411541432418
844837504526
173973127008
128906974566
355806928013
564262670248
154339076684
194037133832
20730609719
405280174553
166695255276
74098540105
635897334860
891428002327
398653976484
263493831741
446270845640
517578376186
961673261877
256991465426
783934863340
167288095194
853855927379
649527981383
268086902734
272814524230
790833432468
301691533580
676506629944
780740543954
422589610702
38623319926
370911994326
325877450519
798043487232
830519082607
158875242908
372369804242
332854715592
448352164505
652715089712
107302129935
105911638714
976141916430
107466496105
575262757398
138288822383
443710414457
529614274828
116745615945
782086995774
339854674994
279090907950
454591873222
620589031750
461758216090
405050160995
299099190340
846393329515
799169275499
914807124667
155381077413
309804326705
840065934166
861358261589
980533618618
929701295573
412235840238
373391021258
805269800932
950206617941
886469380584
