574794880847
329099044505
668257312898
138933369886
702696733214
168808413805
734806412772
458996853377
99650185128
883913240771
132742394487
2494281138
339909482817
285260607968
169475964649
522431045925
359816879296
866706198491
547251082890
76155828388
446276853785
829648578273
360833589685
915211507509
467104245204
652025759689
760755516255
657060002380
442235328859
2476618116
287941540379
323569832543
325548830698
691827327776
595408243740
594996594116
576248252710
638699988257
595814604259
433687964022
319702805427
136353878028
60297014124
269312452798
475331149720
666699118336
36428220697
312544234536
623198670204
930038014418
594219411659
227414483590
917827997724
446698032814
135921360606
358741467623
30808419281
507968335469
262076161768
414738088704
260775419514
337119687763
191736768893
244046765920
252275873558
128532455308
969579763215
828195958519
945285532647
857312972519
720899952120
827585462989
750443943392
203317582023
604408254448
799032320555
249460282166
603817718914
612747802569
205396310304
515395239318
342186879471
846884955115
875077592616
934947409134
156721379199
137147717714
252109512921
617729709876
972513106779
51652388366
204959804634
121080219065
659995089091
618505387179
312233274044
320941615627
566239258715
129049537472
552020569170
