940052188918
345570202048
272731354385
65385621876
511833771633
767533813408
658882756758
44444193392
43898361902
118709628
489448479526
932304958491
359200966883
679486120612
309679938241
656206763396
855771316504
558871335407
945290449845
703491397748
530368026543
121400014703
280457736709
333152831629
577843176302
519695227207
116297708944
105942138726
895523473163
554855789583
546540060762
810332627336
993089197111
243972344956
942851600044
835473840924
952895725615
127504008409
837830367164
471929672109
504309550217
975826580602
518230157842
250839265834
271618251239
317068378351
442223402666
940535280429
471012828826
370941594701
131323939969
392543819801
572148429520
111078886134
936060579022
110022178155
12094595842
356139058430
452371601656
594767988310
800989639902
933234108536
899082700094
882602381648
619025839615
773327496757
760709553887
421010773434
748878273145
441626945177
315683578479
203364975141
529249674210
483835927906
413922899839
886274413208
421147765170
695078324657
235878997784
125684118644
35671783310
911172299925
947600027928
691573798475
432298715506
268574377057
594269052379
712614206767
598220841273
277861822665
562742222720
452803302240
847698191051
817245118020
909836308767
924605072942
311989909002
828666257904
532061756417
442020159608
