547851126807
152907833983
71698364516
294743330459
620849031875
945618836472
663286946194
411977252864
26155613646
987084009361
825475548162
438737955084
555551625209
540031736790
883315567757
946231752939
51369138116
83023957043
341045297878
313791752371
224703562194
632031314619
733879190386
128198829760
347147938918
567625595386
494180676034
589607060081
862147418641
751285772837
110607211050
410270180145
805137999229
952121377395
512668251836
537010839453
713163847685
929186384849
513790272770
52370023658
136703061049
227044333321
682829567859
239219622693
354559060582
577122401351
958282665612
237902689823
829288962487
664401421052
715083293851
148990232534
523278175425
153594111404
242262953562
705999967812
262461001114
662938867504
643620347286
697799227705
133381642961
647578497054
997166449625
165581894292
685273949534
712144049332
273293589703
389457008942
55537366111
5125053169
466174691916
758105953514
373776830562
943663743231
421515655523
823084172
645082070682
867943230381
494932694847
35428134547
304252314011
238193798201
420372322076
545703270031
33867988854
106869893907
425281098761
768767469567
649177844219
63908030828
80296590106
815448809770
960790586384
96165329558
962789168748
991248899638
49497559574
347036948135
101473081740
94377158739
