437370443833
384373634994
872444787194
831044008030
794460333870
130029513588
317665070258
463048566246
467865712121
973056875514
673277245774
616243830360
631923642891
591230203489
933316862363
512933756645
110447148007
221528508778
921741632293
50992723649
430960980840
302577968809
21372994820
282631828258
453781126247
544827223359
156794385364
538207677160
429182922899
855106729056
490733167950
566439664439
452074521773
727817486208
275071422864
679954583193
606012205459
455638083525
232805720485
629136856808
674611348632
252687042792
364974596896
326633908391
3165272822
358229497352
242255665441
843882269011
23823721755
132719961793
321014099458
681359947507
39953613705
685024694964
651323995930
14525963349
758703116543
347601370232
7831847780
66934956745
77951192650
990600737387
476056365901
173276671426
837391815406
345542965085
572799011188
271102015300
301945007
553086196359
2319696435
817481395157
385098331018
949132747947
148689585845
823823425571
996509650759
235835817552
840165459483
112448969731
749086521305
786117479382
948930899577
674139779206
361367329633
807265071471
661400708703
947881709230
441415898067
907026343543
76907345521
582396491797
251795921966
967731776524
67845177818
467886355667
751059444001
223678320280
912523283438
441571428858
