750879608418
65160616963
977000598273
827320067933
33217209692
14678704461
203266705081
24158030222
537743752978
170849003003
790301283534
439778916115
100789306402
124382223929
154036856685
758149244546
908528459438
262030571934
724868367345
750835547536
633079800894
867112580355
666779639106
311668171160
926007638135
2266728468
812771545966
958934863272
517810716043
48677905882
984353974482
644497285399
667486651518
735210186570
283967064923
684876714748
49028237881
678149724069
18083802694
572387227601
900748425281
982687191791
228644632778
925469147748
343751538332
343848243322
456388154082
139411031120
535388069216
606852584042
678154467418
449904011473
656947580718
905757655773
688742910244
122604271527
212705743013
247456202044
510355634205
564001967541
223102191092
277043207130
504004918620
123381850247
323574379528
905992113757
388557361859
769390423723
195062832326
297778928442
504862800807
567441623927
709209500258
419646773211
379188450068
625547396829
438191801061
456802059573
451078732110
969846294497
78452338807
612054768463
549824052582
577818409029
224151427012
530033034195
607177277574
654100315693
231998604742
236675777543
720182371860
589833442056
876259750022
137016944024
619865431561
596038078716
757646681102
407763604151
236605607657
19024936571
