671615657984
421660414188
346385890932
51775333207
210891195820
486368799302
125469421478
107239079056
218573228076
693883371399
652270757127
93858019673
572079247414
795535447478
169268887141
531059565672
37528130007
318971652528
686785784073
910460094305
304123020051
475561772567
500268152457
240584268069
858898846713
867331482227
161975682040
744500796305
909536169195
488117568629
864941941030
434399384621
732160432053
896792688574
994875553766
454985794814
46932328983
751656357522
878633983186
685224091168
429082099439
746469569634
604980922559
2792307580
776248828497
121459622640
696284988050
523973070812
720251730955
125324537406
108921533624
159149470675
682791850481
484559438048
33840224614
287331312539
315335570469
323363901876
890224693234
912316612164
614663618927
580868762908
98865348380
623113895722
239990629624
635101153251
297659130162
830479223921
711692420856
91734535772
688210741376
141975737598
15163819891
968838578304
691744452393
884570324668
296314444608
887033912052
991423642800
950955515943
43229694028
567555701373
640257058176
249775076838
631701773934
204602785069
8160657155
743701773812
660720399598
687667254683
24554098822
763012489354
293843437519
209430677991
163915577289
547756495131
411275380254
150029608442
971331573948
930790052630
