400888479059
879826314108
373656083266
551740558555
375230433203
41845874981
152118674712
215996307458
170003045746
360784086064
513278444883
679149783659
937061290091
455198526948
459582708548
843221069878
414906786452
161552142229
881524510904
392563443455
925382626828
348181753355
952976281364
148683194920
687412565033
88989962943
29779089218
104430333445
49610272714
669541149830
10901534497
395936148933
893678839634
19500081112
525999578487
868797513360
217709390916
473317080023
454224694231
473303162600
591608115699
791966334285
307196337306
807732679610
718886211124
445619261415
300476491368
825575271383
989840671555
260046990599
357131549846
948124118182
870786714983
897791191608
675062732583
643680334594
385509930818
784031296036
556987927513
230118218991
126148110240
556168323074
346622029575
96458547609
404731435260
491135273905
620030957844
167947233670
60511472501
879101094168
275134923481
39251523121
884840740996
695231676582
239776044567
484724345977
708338694453
687381788584
723046212499
419855572061
81323548487
216749884735
606891999492
251796364944
249969914224
215934847687
40825399343
409258202285
763300533386
818645814629
154002063628
453446860524
273037403412
145193693869
508371414066
378763601405
375427712841
410710530629
1907806191
455568432871
