418820380155
946436391928
400792148219
353294761556
828809299826
862352414840
707600587312
787228653597
203430131116
977533361208
208640452326
447603797568
171966858526
352019943884
554287642854
831940745906
938143465506
631526390261
984594210427
584844583936
172927365010
174884112663
879254413889
940947112479
317091535845
16873879163
256505442533
405684433775
988232180743
183954802663
385186016867
691132853337
348419782459
187883965358
914890412288
73670719416
30317512410
447330946733
730515683830
839587848721
453223491302
131345392476
796620015787
853526348008
886152475085
899453450551
265152652417
466814974522
282086640410
462308024401
808372637370
590620791562
926532206095
773497887124
969204231294
264814178286
213268030843
260293150694
192838043890
93539315296
99298500924
160215429860
739382319149
615652144925
31232343995
86729405146
506901535449
712168107061
872036952181
694963232089
340812205702
790531608997
315247370571
117658656873
931358430526
874412185758
659392402011
726400991675
499141267765
491283312609
624890601045
882635989250
307979174586
805849031845
13812416207
781421493188
300672124533
605716636065
928978843599
717359006533
238272331820
744902568142
35116457303
228083755270
743562496240
737273200238
395011901394
741814386109
389925798842
217684331403
