393291280275
480665768140
400993718888
566671810229
804882520973
755639064667
639740947476
677093865889
303745684591
628896889012
751374217857
16570808658
281429933082
330939032954
31490050660
374544573213
974527247738
218123448013
600604829283
182249039564
102185599086
583645431483
502576145283
695226766058
164144870436
758625900571
629027899646
96251992075
613787843128
403314572417
158823747218
64771009382
997687231757
853355746586
502641787042
520667393163
741636596266
180043508205
952926442739
621343546782
39795765098
923692856324
782164047409
901679618851
67489976533
225129722011
527740231298
237502810570
854430889864
944370476363
357584164205
723950170603
140063294659
845228155580
895684143895
198639543841
142533760659
843891837565
223348455622
768775887367
179396778785
900857828605
626128145218
44700610754
633786399481
772376675594
525304316897
949834017272
600738463952
384158207298
214142813455
495000742095
261312294970
60977569253
475278379562
793712650239
784262698223
53662507471
648883187540
970219241143
884665989714
861632161734
765859918816
605737471389
176001028891
791709299546
582580506213
217856014169
995379723247
340582073851
637151930392
961221282048
899827694264
606144028635
666415230341
898654101934
551920650489
645461418136
978110618637
696783315826
