605901083087
251778371990
38311777236
43507946467
346234899759
283989777676
227286160439
876555753367
414997715627
849889127126
751487182100
67079125771
40534030534
807684449318
6842849032
551849096897
729780121677
53004777827
846285893813
213786759616
227221589275
319392176254
652289714203
564767843723
842426117249
579307585259
636171236923
761453545251
582154786242
890514390567
661888691761
884034637087
271158636796
503675039758
593499418548
497648532226
829168768663
400165649052
830450208427
303934185115
503092236924
125220242535
114583870700
9207907350
726907149720
805398961115
668703958590
843205125267
295264140893
29255709975
400250159042
747008426161
948028541444
471347476794
129574852682
69946883872
880477670152
901771381926
828848410710
949601480110
511844513132
206250789805
346699839682
79036917998
23640158050
660778615538
881940816622
445122539685
18424105821
640263194551
606976622074
680103911395
684761901531
380398769324
963270360847
266638440294
11058657145
29074793148
369018283723
616620730159
884578553124
940304816569
38226704195
897113804222
372848860570
398018010297
667404116299
661269931545
188229609331
969744256488
733199869438
160516529851
556707769271
570922553353
14265440526
465109449727
493475561487
595846235103
280412987472
142865136568
