65187185907
52634933334
759758996619
357421883318
698171835599
418032386664
399776495029
631656303905
354786882440
892908353862
185750906897
185469047941
586628204688
991142806842
545837359809
529634911593
581781060214
917806194250
230795583741
451123057826
617825701596
249018866285
691702305567
87958758967
592574058430
791047664707
482244004809
808828451732
16750901680
158560074744
649731386957
480694157791
797651326447
960834570450
765452024342
410223899020
728237744243
694053869056
934301715825
950533538972
69704662447
936675264592
271251364101
935555921252
369511856351
237489515385
512316399318
781339932227
566518128407
1901033580
533648371222
98275015785
21246574612
554505456889
113188621765
306122147334
133359907004
219140098482
334015274161
335154579947
601424362021
555651253781
435172276365
409701706909
252847108073
234441279279
613543987285
764933219354
918434108724
695025618286
94846651992
565851992565
5620754014
628885197151
343829687566
403703628900
572573005822
969675757100
441977198708
585942682285
743867145655
385979400439
82458222534
588541860782
587169369773
404336589583
834588718855
9271613593
667406759531
684749034378
734463127929
506926355226
999664996888
231949912961
805073250701
602831634297
35506623615
155991391513
595179664894
666227367212
