542472930542
766876950714
428670770809
312538869460
907029773356
274320794708
274310613625
801505061397
329268404067
361600183227
637814236936
357530158405
628634393800
796833499044
969401864548
463166433243
600709214334
309203759054
984312207202
607496932425
40083140131
864347293784
299495829767
221486307816
478118635746
582232535799
7903130616
926376735045
637145150439
649329009112
548273448933
984999029118
634129538324
894715819877
364451630288
204121090200
40973482388
811377118008
377499614491
257047002410
182334577596
970787860160
743127338843
140462896251
323952205234
239924593472
484621194089
318594477345
829585554388
145817026958
135516173499
271175311581
80632040771
394063500639
731163438198
309157085147
887100511776
29649231076
58576324741
187043887302
69620976933
306019681527
560274141942
505369935491
271889251591
722587081998
784413762286
721816936694
336409853271
547914607576
560726902764
310342742985
946058415380
832857184480
385610160348
982865163721
269389432673
196388451362
199070540891
157056343572
927035068032
71026960107
997183217625
389093252041
405875201736
932736561501
497193397929
74976123949
465761439096
949801235874
71437973716
156674167803
113642188849
230884417065
619866843496
497984110703
244283589174
610157899462
983347348341
308272089382
