470557449690
889842526818
496249804485
358340399967
413575872879
722543779240
590473283532
19924384970
475968782142
188901882706
463487307151
529041789030
439803944982
436080303888
551386745203
233829199871
546355678874
138850777840
941289981547
356985296994
550844904384
18111357550
666209667138
848440313638
320112522577
68479573011
35764781968
525501006213
34896550404
64938569205
667477608764
747449845053
360845657000
874177553672
635145566236
158759946819
53282766430
833599763727
525608604145
594916965362
396305917287
556779508671
60049905088
719427208246
429228948198
823051298462
97378338079
282134080842
840022477605
666394234664
221763988649
430186477190
810681976542
445564279184
239153403506
410851636278
637517299328
130299134872
675328624784
739521351355
614091511762
717323674819
321376193307
411655922529
90993665702
314472092168
69484236341
142640144530
689207945677
910665972548
969246817101
121662860802
127731784938
830203142963
671455091806
808341904525
790095488282
404443875279
410603630339
861685085978
498261411217
381122905159
943742648683
274485458733
823397775200
752968334216
589006062861
511843895901
51964207625
458248343169
889377144171
985825527276
342505375375
882742026228
35831790166
979665644466
909839375803
374162623070
32429209386
341284923620
