156840348717
462704504679
196942617288
460230127257
995156951613
493461634002
388398281424
441216325770
887143174749
179010033813
290612609740
138297531452
387669305102
944598101994
965705399569
445692100967
601861901433
709522315094
360300887307
328504340750
474062088228
221830951011
849661061657
54784803271
215042749249
541242638695
156649660177
28946930891
583911879943
856323987118
527085932651
268866804645
319509025884
889332382273
302172256801
45112270631
720556738612
292793831938
938714735457
628419246757
320019152895
60624561735
805677775861
1153735942
803444613118
297217288245
649857649574
669592247496
947875960358
193524241569
632950401412
684555097515
532705167061
862470865933
75939609567
899448565936
238931353757
636506086251
766641582821
452914646318
718601269930
587352833165
709512159090
334698108346
521927421165
886922617988
192087984128
569722440542
763239012729
554347998915
73792100093
356938625707
211497078662
82220858202
538550102637
607658182036
988972632269
354854259865
542269386200
447144593386
770565267071
957205726749
661117116048
296276520650
516643390063
227743192951
54668337585
73740247159
916600230365
928001804334
292368889468
606789579634
741973169011
160261278894
289571831836
285807635969
201827617922
729378471894
72769632776
515982978393
