365667337933
319507323810
21359920949
377123622398
705336721239
580814049126
105614201107
588209149226
588371164100
456238473405
399555812485
438242372462
210108727701
676303783355
894986067257
750142510262
803853646909
162214740373
872264789244
907760274832
930020766432
714342745160
16661587742
767926523988
326365225441
309998727321
613694053501
431036595023
286063738888
92801539774
978036264789
621211081032
115146771425
565572489879
423394943300
771158483986
703955864538
995171865387
485385198575
472123719045
368580930979
917442090328
388040272034
36729514673
66518889771
43233201726
554244851224
825807250077
865428103182
94457115304
441569363686
760808087626
121819083973
971760760722
78333623580
946703664892
709532200945
524239398752
860480645612
391278824261
558071831702
251809515471
541874349038
801784699205
499632270920
318594947566
871888405349
484651835102
580694985357
185543634036
507664080589
818430529378
52565409656
236752871882
663664473780
610538865137
599432248819
739545505078
380365196100
596613979433
610002616916
749467276605
933861511292
852607183714
666349441837
939342368657
188386489130
478719218088
418309936543
591648669017
969218434361
403120875623
113671355496
834387782958
670947255121
423822112899
229956420332
657769703665
645098366022
659785845689
