843297841400
983816598053
913332694553
502734528013
279748366836
750461169547
790181305038
827826269049
571741871534
127022118563
295600966319
523581862296
279658619614
237294564348
626278360596
917360034521
820548615425
623479925863
835036418127
50726665720
789202672586
625918024597
965732366168
436121041785
792162013107
474999164525
735266904009
513848495378
6049472718
960088534539
999212717988
493759504469
347531938279
848893018776
447228788254
836841965780
341709302265
216966868526
353017574221
756023618356
670690004794
969034074721
576437385038
815400031939
953264021824
645084824122
363819775344
967273146946
373550685143
93500335134
672755998058
700978577801
557459678220
905657392192
449707959935
52247529923
743056927949
603355087309
310355156778
633444380655
318440335466
64172590522
348041676528
973232436978
270678054369
935148788294
485635234569
312563007739
659283679594
717351308331
841592366981
686103589164
485621176236
555163676543
541446499318
347602305560
919671381835
283454412498
940289404743
488366871844
610801709574
564742705330
340206397481
815849662729
11955828912
595694745213
575963555901
94792766138
706100006681
477545162254
187362282218
360742672388
795402590733
809410630180
939837627120
444765709377
379059728468
210727517432
75044145407
868669651683
