816965605130
471477067080
874240550229
891330318051
891132786818
340159031553
723203134370
330587315980
396911445980
305871476244
755513375413
512728635703
555049616181
211397906561
335285190097
241391518040
940787949350
224967204161
959807239952
268441428473
222391062219
316153800840
143266318214
175434148313
374549843274
282657900675
927845536891
419849370420
213641351052
876637978209
54335321939
62392144043
356027914013
707452594580
177190127614
327779713848
970817227633
965535343466
162566315791
219195987
963899621473
585105494375
988797723914
538950148373
328443530179
143073091900
546886691983
124211908237
817890843933
645301456920
554819886936
2561442384
602166973563
475798184461
637983846117
587166012382
202711669655
362011599774
347425552913
983129976449
506058533066
935008161746
797453091432
372887733116
842917487003
72649071419
2679250480
439586820330
361157435370
565359767656
408410621256
586996401360
81655567122
453578031262
545042508888
221802391767
687005507816
676370943364
357749037122
460993952210
690489192972
318024590523
45153522758
765715030192
544262277409
881410686669
466989661553
946918854058
651883856850
862654421172
159287577143
452408358608
487032348690
465723416724
999237606219
646869568496
174054950982
894529531069
349853790652
833591551705
