554246019179
653844864503
897145800669
8447979409
790578554885
152010283565
704836799652
393970655304
481035138303
468925759880
214474447540
360234855694
22279450500
703660643325
688152146165
600394030633
2875108765
153688425437
212859479778
640880267249
696444768174
288411275980
784041944664
821196104863
52437858582
579113063132
123212568887
90292072564
746990876368
806233047655
793756256190
899751507300
8898917818
719238172958
647522593029
52304643001
351421335789
377001960807
486812866425
796427922475
888997578204
50169872516
136473670352
593720978621
674964506246
756285065379
947205024483
425518436269
24090430239
234216211829
589231582217
450030800558
65152377560
927069751548
922834641395
560107607735
377951491551
957649283542
228271249092
39234824578
560195759349
783993863390
498519380514
580292796506
568742903967
160607794663
12495251919
555051336688
257062485533
905903757641
139589958827
278775231209
66472642415
86290551914
297114207411
967389504371
803739087845
184835826464
475599097566
512191472554
240920994354
641156371152
436330560162
770465728115
620975914281
307979427306
585984253776
801135125879
753305818134
310801718500
519283349127
860759190797
101787615512
503638589375
42922751645
334024425250
885338658875
756350054599
435013311122
533302718896
