480534181503
994740658263
424539856359
713697708006
537113213351
32937208198
807092559933
178944893971
809515093037
597825037221
811123528176
717748754550
586347800961
144488557219
960043704323
341445005145
204722828750
337428437152
579782901151
697495679903
588232548402
434741191001
674325792748
467488931109
224826106527
47322300271
545521324280
430469373584
610699281446
670797993749
305174576873
370575980554
471203488411
731840728843
744129662912
629507579607
626225084823
872894145408
619865650143
688037453664
933839310403
528263153289
270794136116
56934019430
676555975468
406118237472
70506570551
434486238395
756351711342
752849868426
351218999361
404776000946
395092177596
98700199850
246738830068
491284562159
330787605910
451647068685
428992420259
95625785145
625903436099
231287717314
652667544288
653325712608
293548495746
816227098249
528114837885
164001699931
539130961511
55529835881
331650870277
149576618168
95180706465
671333330676
9250371379
958705983350
781251562547
420138208073
501813920956
370769532264
744050150775
729933856174
670062087577
653236175861
810066952012
706997026390
342137839155
974085392955
67477653644
2481276112
719174134666
151540441165
887020695183
199921765220
56006272738
763214884671
469614999431
373265054982
761915806279
844273586481
