953113016490
771313396628
955632264682
845009731072
58649378783
60757915337
497909796144
130530292363
773756286917
358491460389
820060442927
664584273619
333786196448
736884201776
548370451156
991187019031
907370223692
436161304646
573002311889
54941909650
282809196497
766937793420
835409224435
28789083026
664857277204
453330878100
39500474595
383068614179
986787263377
733790872715
969178006711
379705983981
533636561852
36191359934
67227557853
37928972447
288951286544
812673475757
263132725143
151242908319
484118857342
602393546658
545756700092
971469401802
350876245520
360546638128
513166077326
302590463128
498355478297
623564389137
280683771118
21307572097
753775375563
404021725567
485127522554
282433986360
667156842914
293290719667
172267320306
253100468927
207465418327
579190675703
923316541389
20722053435
838551054814
948324821066
490776347160
828741864476
417142657309
848170190596
913803773467
346734600591
591635331494
451030370791
629464383420
898793763980
24182065970
130851509449
719347846549
189246705070
317365878389
764396292088
67412643002
194261441843
419511567013
484008553612
708548886209
69710598064
76059985421
169457357791
106288605389
797181789250
657643228681
429147261136
525673756157
484306501082
542518338343
660291644113
72740509202
340086044782
