538271212401
965876814951
97726975350
464071997903
584646550218
18780459174
502340995875
487385975613
436210819330
112686955565
868297289908
986210472057
795096930896
252756089503
955080454107
408969207588
675788936531
303901147620
689579665592
503565258008
876623612208
212912351177
809360984567
111879238676
342733287882
139886583028
282629334110
847008136833
222876802659
808494079768
407264522585
427380438661
198214371510
146025615407
329961372112
778856382472
103570003896
594265555803
356175885881
865168731778
851440990960
501533714720
913799688861
548302624529
332247854453
584968038978
38496449835
625777541597
457690560352
77847132139
31661395021
309517248245
386686503299
561628817108
579838732930
282061985036
906041207198
758591074605
714317324636
410050057184
411356042234
28974750398
537997867544
654444002625
532267784727
303358865580
102390013242
130895178568
886668513958
689085073648
493849513864
761050236953
475521877277
265222118770
459173540029
369480910219
586408495464
854947250382
931196108369
123432523031
823505907954
505823057397
685779452554
452020809095
200493568135
942331297374
106134789214
96039527367
133588999384
669577560295
311465042483
549965489086
966753211171
997311611780
737546815744
434505742015
74151185987
322995291757
984284449233
41497948465
