790986697048
834316030524
351141964742
596210239692
51612583064
624874478627
632598507614
743869974392
870073992502
718335270149
872241984794
332686929204
172396691417
451926383990
807046501928
323649979071
636224028884
918308625980
881629312469
698483919749
532125264917
272157361400
533702527947
697771710754
842409544719
210352467131
793985510799
158603343710
299390358164
728938687417
686382704893
879604039059
755751808780
737255665116
714036212659
262036048926
920165835094
818500868601
507544586068
985788143898
936231999260
598565392672
29695483680
411211867514
44265609094
266722272473
847992489118
388100724517
5834424058
481522578353
744593780096
727553238495
841168381519
961502697283
424088991825
256808309054
80062015210
614372537775
46922626106
691321328991
856619251342
220292166439
177209731727
880535022522
650743469205
286231649534
550222788653
395172583413
898710194108
864937061912
677058828316
731475390721
109998678161
758568417334
83033043812
222391547406
344355043848
214215008148
575273440374
496079483202
36916704421
981219123589
941702336125
275471822695
161929926576
691492299383
766269756582
244531616373
456166333901
62593991803
25423449512
165715412600
148304699285
194349172194
870162405233
628565933962
443597988532
496852997860
511978803529
239006621050
