681800469266
146446928894
984300399094
812673903951
73989265135
57024253105
575478680477
530427505591
327335082088
270881970801
858231946326
702621344613
88954257548
494193476996
367840049112
268492491558
760952603694
753226125527
873819615456
800088604899
153568949161
514811598023
426608622541
915777299257
494966406647
233443746345
870541516490
542333979274
190833161159
989693137105
277954871262
302092572006
474110319219
737369857149
984811612824
924882965840
620007366372
936291424987
273719629889
114168868079
462852635649
108770521551
847472272184
432759958753
523729389702
327416914437
609406450377
922600874506
520105886137
32461078714
607001560067
192762155625
933559252922
688445734085
541752586395
832718641115
202838948990
933592497135
486394384142
316084047577
535418540596
954486975548
821917110936
408401056678
442254721446
408267458531
985089565913
643442395595
114616745096
456793904780
590433984914
774331858909
317666907977
26216529846
331042169156
562417749210
734551076645
334656918100
798992134697
922176251923
775226051319
997261138184
261581300555
540784188440
679818934386
818124559133
497547727241
128808092114
315000379585
56819620648
551872129752
913387186109
185837458379
932677587657
706435733369
519775787757
787157209585
137046315945
364875136561
623625523743
