453808714292
428744055300
175100589374
118779975228
364642524798
284776505430
686687512167
902988036342
808320853097
656826958549
649071828473
858562199366
415903143587
541995662359
470092131903
730935854233
52758449088
619078749956
467483172655
204693173725
790056495749
882270371530
87615147535
28919024751
67679162706
297474620203
784381714490
422867242500
952971227948
923047817893
34358168171
404395186496
171128251865
232451409644
504138274620
692974069554
69787998773
666571713084
955025742722
115748285896
153404480039
426456818662
360622877222
167419129205
513817291781
539283731859
975381944798
572796042675
758757137922
959201708278
357073194682
555345747635
275633903816
556304716410
728780625660
490598746948
514995119960
510963323788
451679610326
859473490159
862880699707
237294420000
310543414151
701901683192
85889963005
905678395065
2562465227
763954544689
255299736898
520013154086
340772529958
767463402087
758206344140
754326759459
409168198513
165486330499
397507092518
496441523407
686258023020
89892871700
714506867392
621991077535
724611242238
741829278263
833098202481
919796313209
817306640516
871297032168
603913620279
962574003179
195283283528
900785032919
309745106228
613780990851
413654753022
15074121804
328623902576
254738406002
419702509985
745773530499
