191855551630
267077033532
294226230486
838646466710
966619655284
518221746684
870899673308
919720912317
495847061063
545765841913
982261659161
952056302175
19330118124
467390994681
845089764704
441004037124
853106255693
789341620324
137199624104
439103458023
247750397917
812754270577
438377270854
112278661852
366494429976
189174498100
360101123726
473924458462
689378219445
456095156368
985269553524
289807104556
674718445202
907810414166
455966179404
332196430016
220388411796
881947179326
268281056754
659211046637
183251097818
29457139112
977577921521
731216051517
461964134886
641724861038
366606501949
155255415170
300564465702
567172065647
203509127106
623744057135
25795583596
794126001030
549565139317
958895566285
50939338093
994483997039
453060659824
532639497652
158212781676
535902662757
844359454524
426571968465
770275707501
667408156938
125208590834
53413276694
924533381301
190076884321
555078787225
955263751648
905893503613
369093462193
495561684891
405854768469
232913354905
403811196034
233927994533
608504046768
553725412317
968826613160
719843304898
8693915760
577722197267
166743453960
460911759771
470025887114
249068308173
761543388726
307776019842
714590253020
893706407801
457021039183
267091924568
822086705369
811746598796
276687815459
13033379898
926343778344
