296771572725
321433438612
419356571156
681818978150
220675054841
163932358358
853997763974
702553231719
263830200777
516938317863
513984657870
695341500486
102449405921
706278099345
186465294469
210440516644
765888074301
204164968570
816280222865
228060589764
486812911886
699984197109
549791073844
566322996506
83978940321
232421241031
945409344805
26582934063
566838575141
98705996218
446123956437
29274863431
456583634165
371114276190
563492764940
645589816108
446815237086
798331519422
217463196998
762069718046
768275333457
692276549575
643923120393
312912506379
855161363077
901062958517
16356181350
513559646304
616659446487
492246062234
280511031198
444265781067
743816846471
205122103398
211205467007
539633856490
131018055288
864166705676
718903112429
372194580297
495845220612
438677374620
677516031557
189961669135
718525882240
289626751787
521703366914
2189859913
926322627634
448015697183
171627467887
587812009267
933509069553
212688628388
595278698315
354577302947
322730784289
444465841048
707655813953
866423825379
25142386463
654632343436
700965125929
5693043422
796139259101
332210677577
956299984339
971600334652
233772049300
361737140834
720349596362
238566106348
118189146348
828796013380
146456054018
632585544267
427389734128
466985820777
801185584919
907024468393
