933510738317
701054166267
652079384564
641124539432
561181068144
713731345149
779323331521
596367573414
910065082311
17147974654
828509725910
86116209883
93678687364
845023171619
953708128886
523219727379
942481198094
716051214397
237802780895
961908610261
791251649565
158688864566
856814613429
786485499650
622669936440
34612898996
533277322249
364062705433
264388909829
970480215127
3667309112
606522845209
986618757
959179417649
988960548666
597870218088
43642856773
711852414713
26825310404
819814388689
101938114647
161879394679
575706347830
151165393469
127261687337
764072686778
139006480607
702346882804
691538670912
951454890712
137049160340
172611964025
756852666869
748549200880
441749618379
405485291181
932183589813
888774802857
735200521792
834604550955
385520151993
749842182366
399708858185
103073128510
301856762339
948364464568
999600413544
430780457846
474344621965
174466587719
134168135806
13292778067
903616097579
600159256550
359515020185
660733785862
535751199280
666274567743
835853705236
925062272163
114066700329
270426858265
129268893961
730601242236
745562469353
154904871608
946092015830
99159605708
149459413812
437394801302
42244589098
969005051190
87918417994
386593553548
12783426136
93722520311
668381932224
749572115842
729888239338
44328959955
