276999629699
649684062238
887757108271
87656150608
909514817555
186994096679
96452888010
548120384819
925523880167
775162928933
298710157876
857401270911
945749020185
678346505983
738349042070
900628450006
610802543756
29174345848
545138990644
955408859532
354942397610
615302306285
300700092020
515963690005
867942865187
993709625731
27469499885
197605002575
570562956981
640249101620
249239807629
71176530011
824573808046
898909810687
304598200849
977832717473
144724835972
267213612106
247311362899
491303903122
74359548065
288017719350
175157222376
414917753461
172137546955
238527953034
434231428497
16679850143
778170896750
69524118744
915295351773
211662350217
338499562168
985141355354
156571619948
236546081353
606480967822
446733681807
276922101423
868375070598
36225322187
471164621751
710674980850
78418632771
487176077487
377405599543
469944862372
443495886626
163335488734
312973483789
717565602846
464015945855
223592472774
755627936570
258782213632
531608577167
730901350663
839443276843
193979445326
645758383517
376058604415
662389315924
956594696785
419856118908
675909252217
108116189577
468330579543
802546934554
948234344175
924842438949
537468512739
426248717175
510291730490
510163334964
625078945878
510364957399
532409462125
598128582125
137969632670
513457700572
