408070674310
114553548429
226485566599
144936232662
791455831009
668722624257
852478841134
34668715219
373889436412
183127558403
725879259212
966675109945
286423339295
151385596777
610194022359
805034524194
476438667674
665101098021
996581622156
574105001637
494665449460
55258524623
853197344231
124668744225
803537654229
293691944830
855521494253
259345266954
519076845879
557493781059
636923793515
51237075610
278366519882
522484025156
497103750996
400281237328
767673660224
353517881269
727436352401
197141173063
747427663540
61920693885
354136066497
282367933897
219000895126
718265907563
411104783189
302418217352
178922011155
588994651161
849542241917
232865003977
852676769212
996381520520
100112106725
589031301345
268303193178
117489016827
380309111484
302413768251
686734764414
212238222270
125747781723
857363619966
927836168229
189250539009
816161217363
60069497660
69301014235
626932697604
364743928656
319237571472
740254628094
578466875788
306752549817
184660370236
387302855141
169614255439
447226558347
312041188994
343927049824
493468258644
267318688398
1547235734
628592136575
183401384484
975739781280
528677153420
380644127887
529045631573
980853712602
802639412999
304947132880
85208638732
418920090635
599984154182
663281639925
95685086691
662636572017
63986856737
