536945696147
882910775353
180917856301
112637476170
526272466413
360023245154
585959347235
893706946232
746428385899
473012502355
712631789394
5032751408
894165387706
438055984162
224173641870
75031258213
165000775260
391783404939
356924459749
940828544848
82200943678
96144843852
77588919791
975957391685
152215860722
231998482450
961370444444
896245904327
684382658814
794523269047
500913387094
41888716232
622785756132
291952617264
191592716344
227708358967
489193833644
222896080214
990785552245
536596315574
985295157777
464728671357
768077137672
932218962234
30424971616
124073191609
30692651644
500919829085
200372689935
582703062110
665912310625
561745507089
800645757243
575682070933
250644892705
700782083494
222243970597
826141045591
745176753282
122223663747
849792776829
113650671489
378845132501
457381515255
424907098825
403585719602
205652169474
960386590506
670121370800
957172652606
488063509450
403737130201
811342217874
116153668964
382217285767
294425923733
75075958418
249415608908
443733919233
645606791421
198660307927
336765452858
400338692088
661899420495
229542195668
523764437925
380981901438
651980696378
23663102507
650168436219
253396946416
108981739943
105340127432
637378133938
946148215231
876827621863
256139435156
950638235440
74155833779
899887687011
