513627271882
165154875894
269618866680
496165540986
509725419516
793250611440
296005685145
61792179830
717458610715
385886542277
50585685687
473050725632
156466540359
580571955799
135492525314
390258800476
315818938666
96396939417
708874033006
167097623473
635295916862
522418074731
614385592484
163102566387
142647500379
274911946219
715635304281
204211084513
750577719592
906459384450
644377721879
594343945509
602409599687
640708691495
933417646
492523584464
606154579117
230492766589
116549609100
982916593249
838202919231
630913665884
774285565858
201182530333
777700520750
488828901219
126221590636
147972130952
429014335125
650157906176
177558766212
665159369049
790260319278
952458856359
987478199121
704840847711
9578383838
309933388191
513905521750
69431715377
950262085172
907943381504
857978032105
607099778144
558301377651
868024834158
424877522928
288489005968
187767514996
116318762776
848612176659
935719143788
621237064676
457165589058
841709821010
610319441780
902832305860
683751617120
579715910366
736623319802
96140450676
791943246839
745919581881
296398815205
517172647589
543998008707
186700276820
938172264020
485627219928
59251881418
83744989691
215871422003
236688277895
23531704877
251026581430
813124975422
84120238744
175939902053
169239086022
705930715428
