503910993510
702989924380
391004270078
943548439818
554851161702
323786690952
176661004639
81280260807
740163333471
785839631350
426880939351
491717759720
437542104865
161247333010
900649458525
175932595598
324617611382
431673210603
154566825100
73417930417
397459355834
878240840782
56076577078
289781940840
554444298901
500907182191
181292882614
275641629635
712453670523
779614993941
261604230720
392136564713
488145709331
549408435022
92662034695
818658083152
177471979856
87651855114
639285906462
368365852675
457822798649
33845938665
739167280395
680914974565
437805734540
498515433955
725184167092
305189445366
230452245938
603451947877
428245907768
455337992946
182402160686
961487685505
264633819153
685348252285
908142156650
703111099378
986545480529
585783867473
210690100807
105220135554
562359813230
627034826271
621570028532
81595153552
217120512725
646136305067
663585638588
731414772094
826823034751
899560143138
410919048192
199945681218
558913215942
727504092901
651805000150
428690698774
431557760157
34159838956
50526232435
871776666110
598280607019
293720873349
613917908270
341367432641
308360619792
584256160477
120711828008
88364679450
400340602650
824701076636
135101247686
498039058484
158152579780
87262610298
144919776919
433835786346
40618854305
223203482450
