979491542159
760020357129
536363575711
304959398581
402691886995
563066663497
85010895057
575142415721
184685749016
476479674082
849480016927
803134551157
815371965289
851106272047
226763080374
477904435195
704241999102
189837809175
846386057548
102772554564
584292051055
475568719043
73545726768
202250481595
735949383889
57412643415
428079785239
957467019149
756500668249
369154053509
601278476557
403895868634
249543159901
988608844486
388434003919
370162831365
219662888687
382378158712
283580018201
226137771447
578742020206
406148530606
926502612043
470638544247
734674313346
969006031478
182184928539
78913134784
230935520493
848302205537
634640768268
40608076344
36918655008
521874159072
632123618392
612976874521
594716679413
787169096528
802345624733
351683171364
229801386690
36940459259
687954534285
981408351084
820865284718
350803040807
808785630495
91895312623
255130758164
919388129316
684008380435
583063704761
253735476576
158870248659
566657610012
382957182303
665298105116
813867724698
615870824088
128604497069
409828680242
156090332160
954776067127
440569107193
515374325741
594084854749
800989603326
230038314046
546564287468
676722045340
245906597946
327188088191
231027341116
118632503108
249193396586
201599074781
105654863675
416282147993
30750127125
346890401070
