312592020365
2718950246
3190452668
880725164175
678031652746
387237284008
981408117392
358828003039
223052436778
531679512132
883143008196
542203823055
571426459365
212566624296
228252727993
869387984651
870307003897
969314491926
89354108238
18472807944
404038705080
387026826426
580488414895
142364440564
525244856695
441036252693
464829153959
753546814575
870094569583
353003978018
412450840040
764304465081
246692993325
60995678847
401579436166
869416355243
544936273483
560141078152
921150282087
299322631917
250384352731
91245030633
500290022601
128998383625
624754056649
558676073011
239685358804
402799278789
970337727851
763487277850
799154221206
184676406046
523022294407
509609347896
460882734764
379320197527
729741646573
259174314259
59050527618
272347633636
251011825349
651553931766
555450735625
287652717110
305627159538
383179929542
195393518848
664246824900
919922325655
818373697912
213826531053
465914373822
355117680885
559056959553
528109535494
868083655300
108341522878
701464172616
533006613344
276289776437
368245021617
930895553362
151460727942
71545879169
223693167804
237315252378
432650535730
238074545800
272759770603
869564083726
294535258204
35657322373
16623851325
80729079367
1236087212
863285241903
985482344105
60814768459
983812000623
476030508705
